TOTAL,INCOME,DATE,TIME
2006,1006,11/05/2021,10:36:37
61104,59098,11/05/2021,10:37:32
61106,2,11/05/2021,10:52:25
60106,-1000,11/05/2021,10:52:33
60105,-1,11/05/2021,10:52:52
10105,-50000,11/05/2021,10:54:32
14905,4800,11/05/2021,10:54:49
314905,300000,11/05/2021,10:55:10
214905,-100000,11/05/2021,11:16:32
-9785095,-10000000,11/05/2021,11:16:50
290214905,300000000,11/05/2021,11:17:10
